# index, yyyy, mm, dd, hr, mn, ss, lat, lon, mrr, mtt, mpp, mrt, mrp, mtp
0.00000,2018.00000,5.00000,29.00000,11.00000,56.00000,11.00000,19.41200,-155.28383,-98650000000000000.00000,53510000000000000.00000,45140000000000000.00000,-75790000000000000.00000,9460000000000000.00000,14910000000000000.00000
1.00000,2018.00000,5.00000,30.00000,20.00000,53.00000,50.00000,19.41083,-155.28583,-107650000000000000.00000,45970000000000000.00000,61690000000000000.00000,-78720000000000000.00000,67750000000000000.00000,22930000000000000.00000
2.00000,2018.00000,6.00000,1.00000,23.00000,37.00000,15.00000,19.40050,-155.28133,-129940000000000000.00000,73170000000000000.00000,56760000000000000.00000,-44570000000000000.00000,83040000000000000.00000,44780000000000000.00000
3.00000,2018.00000,6.00000,4.00000,1.00000,50.00000,48.00000,19.41083,-155.28233,-136970000000000000.00000,66600000000000000.00000,70370000000000000.00000,17120000000000000.00000,70880000000000000.00000,49130000000000000.00000
4.00000,2018.00000,6.00000,5.00000,14.00000,32.00000,34.00000,19.40083,-155.28600,-142080000000000000.00000,65830000000000000.00000,76250000000000000.00000,-77650000000000000.00000,5310000000000000.00000,70310000000000000.00000
5.00000,2018.00000,6.00000,7.00000,2.00000,6.00000,38.00000,19.41100,-155.27350,-141640000000000000.00000,57900000000000000.00000,83750000000000000.00000,-12050000000000000.00000,3720000000000000.00000,56950000000000000.00000
6.00000,2018.00000,6.00000,8.00000,12.00000,44.00000,39.00000,19.41383,-155.28250,-71384000000000000.00000,36627000000000000.00000,34757000000000000.00000,-18498000000000000.00000,27737000000000000.00000,27280000000000000.00000
7.00000,2018.00000,6.00000,9.00000,14.00000,48.00000,18.00000,19.41217,-155.28217,-93827000000000000.00000,31973000000000000.00000,61854000000000000.00000,12751000000000000.00000,-6905000000000000.00000,36733000000000000.00000
8.00000,2018.00000,6.00000,10.00000,10.00000,51.00000,1.00000,19.41033,-155.28083,-92090000000000000.00000,41610000000000000.00000,50480000000000000.00000,28870000000000000.00000,-21550000000000000.00000,49110000000000000.00000
9.00000,2018.00000,6.00000,11.00000,14.00000,43.00000,54.00000,19.41233,-155.28167,-108480000000000000.00000,60860000000000000.00000,47620000000000000.00000,-47380000000000000.00000,-3860000000000000.00000,46650000000000000.00000
10.00000,2018.00000,6.00000,12.00000,11.00000,52.00000,51.00000,19.41033,-155.28217,-108320000000000000.00000,54670000000000000.00000,53650000000000000.00000,-26390000000000000.00000,-24480000000000000.00000,47410000000000000.00000
11.00000,2018.00000,6.00000,13.00000,13.00000,39.00000,37.00000,19.41383,-155.28133,-107330000000000000.00000,46160000000000000.00000,61170000000000000.00000,-33970000000000000.00000,30480000000000000.00000,51460000000000000.00000
12.00000,2018.00000,6.00000,14.00000,13.00000,19.00000,37.00000,19.41367,-155.28217,-113000000000000000.00000,40050000000000000.00000,72950000000000000.00000,-30810000000000000.00000,46680000000000000.00000,52590000000000000.00000
13.00000,2018.00000,6.00000,15.00000,21.00000,56.00000,39.00000,19.41733,-155.28167,-114090000000000000.00000,55210000000000000.00000,58880000000000000.00000,-17670000000000000.00000,44270000000000000.00000,46930000000000000.00000
14.00000,2018.00000,6.00000,16.00000,20.00000,18.00000,17.00000,19.41170,-155.28450,-121430000000000000.00000,54670000000000000.00000,66760000000000000.00000,-3200000000000000.00000,-26380000000000000.00000,43400000000000000.00000
15.00000,2018.00000,6.00000,17.00000,16.00000,26.00000,13.00000,19.41167,-155.28300,-108300000000000000.00000,57070000000000000.00000,51230000000000000.00000,-19950000000000000.00000,53680000000000000.00000,54910000000000000.00000
16.00000,2018.00000,6.00000,18.00000,16.00000,12.00000,48.00000,19.41183,-155.28400,-109150000000000000.00000,46990000000000000.00000,62150000000000000.00000,-24410000000000000.00000,-28100000000000000.00000,48040000000000000.00000
17.00000,2018.00000,6.00000,19.00000,15.00000,5.00000,34.00000,19.41183,-155.28133,-103704000000000000.00000,47324000000000000.00000,56380000000000000.00000,7445000000000000.00000,1716000000000000.00000,43497000000000000.00000
18.00000,2018.00000,6.00000,20.00000,14.00000,22.00000,23.00000,19.41450,-155.28600,-107470000000000000.00000,52270000000000000.00000,55190000000000000.00000,-53870000000000000.00000,17030000000000000.00000,52630000000000000.00000
19.00000,2018.00000,6.00000,21.00000,23.00000,12.00000,59.00000,19.41133,-155.28333,-160120000000000000.00000,98660000000000000.00000,61460000000000000.00000,-77320000000000000.00000,13380000000000000.00000,-8010000000000000.00000
20.00000,2018.00000,6.00000,23.00000,4.00000,52.00000,16.00000,19.39867,-155.27417,-102560000000000000.00000,51130000000000000.00000,51430000000000000.00000,-36120000000000000.00000,-19510000000000000.00000,45520000000000000.00000
21.00000,2018.00000,6.00000,24.00000,2.00000,34.00000,35.00000,19.41033,-155.28683,-80138000000000000.00000,32943000000000000.00000,47195000000000000.00000,-8378000000000000.00000,7358000000000000.00000,32606000000000000.00000
22.00000,2018.00000,6.00000,25.00000,2.00000,12.00000,24.00000,19.41067,-155.28300,-73140000000000000.00000,31540000000000000.00000,41601000000000000.00000,-24717000000000000.00000,14000000000000000.00000,30138000000000000.00000
23.00000,2018.00000,6.00000,26.00000,3.00000,2.00000,44.00000,19.41133,-155.28267,-79370000000000000.00000,39381000000000000.00000,39989000000000000.00000,-10184000000000000.00000,17892000000000000.00000,28363000000000000.00000
24.00000,2018.00000,6.00000,27.00000,8.00000,40.00000,40.00000,19.41050,-155.27983,-89430000000000000.00000,47600000000000000.00000,41830000000000000.00000,-50280000000000000.00000,-5410000000000000.00000,41740000000000000.00000
25.00000,2018.00000,6.00000,28.00000,14.00000,48.00000,50.00000,19.41183,-155.28583,-90980000000000000.00000,37790000000000000.00000,53190000000000000.00000,-51430000000000000.00000,13170000000000000.00000,41410000000000000.00000
26.00000,2018.00000,6.00000,29.00000,17.00000,50.00000,46.00000,19.41417,-155.28400,-79368000000000000.00000,34960000000000000.00000,44409000000000000.00000,-7151000000000000.00000,11008000000000000.00000,32787000000000000.00000
27.00000,2018.00000,7.00000,1.00000,0.00000,51.00000,12.00000,19.41017,-155.28167,-93203000000000000.00000,29749000000000000.00000,63455000000000000.00000,-21076000000000000.00000,22370000000000000.00000,38308000000000000.00000
28.00000,2018.00000,7.00000,2.00000,11.00000,24.00000,25.00000,19.39283,-155.27200,-77589000000000000.00000,25182000000000000.00000,52407000000000000.00000,4106000000000000.00000,-28392000000000000.00000,59316000000000000.00000
29.00000,2018.00000,7.00000,3.00000,12.00000,17.00000,3.00000,19.41683,-155.27467,-84960000000000000.00000,41560000000000000.00000,43400000000000000.00000,7030000000000000.00000,-50700000000000000.00000,45630000000000000.00000
30.00000,2018.00000,7.00000,4.00000,20.00000,19.00000,10.00000,19.39800,-155.27167,-89812000000000000.00000,42977000000000000.00000,46834000000000000.00000,7858000000000000.00000,-21468000000000000.00000,53280000000000000.00000
31.00000,2018.00000,7.00000,5.00000,23.00000,20.00000,4.00000,19.41067,-155.28300,-74378000000000000.00000,36756000000000000.00000,37622000000000000.00000,-10773000000000000.00000,-38798000000000000.00000,51601000000000000.00000
32.00000,2018.00000,7.00000,7.00000,4.00000,4.00000,37.00000,19.40267,-155.28950,-97610000000000000.00000,45240000000000000.00000,52380000000000000.00000,-25150000000000000.00000,41870000000000000.00000,42720000000000000.00000
33.00000,2018.00000,7.00000,8.00000,12.00000,54.00000,50.00000,19.40550,-155.29650,-97090000000000000.00000,50490000000000000.00000,46600000000000000.00000,-55710000000000000.00000,9800000000000000.00000,40710000000000000.00000
